digraph Tree {
node [shape=box, style="filled, rounded", color="black", fontname=helvetica] ;
edge [fontname=helvetica] ;
0 [label=<follow up time &le; 18.5<br/>entropy = 4.375<br/>samples = 69<br/>value = [22, 3, 1, 1, 3, 2, 1, 1, 1, 1, 1, 2, 1, 1<br/>1, 1, 2, 1, 1, 1, 1, 1, 1, 1, 1, 1, 2, 2<br/>1, 1, 1, 1, 1, 1, 1, 2, 1, 1]>, fillcolor="#e5813949"] ;
1 [label=<Jfree &le; 0.5<br/>entropy = 1.863<br/>samples = 34<br/>value = [22, 3, 1, 1, 3, 2, 0, 1, 1, 0, 0, 0, 0, 0<br/>0, 0, 0, 0, 0, 0, 0, 0, 0, 0, 0, 0, 0, 0<br/>0, 0, 0, 0, 0, 0, 0, 0, 0, 0]>, fillcolor="#e581399c"] ;
0 -> 1 [labeldistance=2.5, labelangle=45, headlabel="True"] ;
2 [label=<entropy = 0.0<br/>samples = 20<br/>value = [20, 0, 0, 0, 0, 0, 0, 0, 0, 0, 0, 0, 0, 0<br/>0, 0, 0, 0, 0, 0, 0, 0, 0, 0, 0, 0, 0, 0<br/>0, 0, 0, 0, 0, 0, 0, 0, 0, 0]>, fillcolor="#e58139ff"] ;
1 -> 2 ;
3 [label=<Kasai age &le; 69.5<br/>entropy = 2.842<br/>samples = 14<br/>value = [2, 3, 1, 1, 3, 2, 0, 1, 1, 0, 0, 0, 0, 0<br/>0, 0, 0, 0, 0, 0, 0, 0, 0, 0, 0, 0, 0, 0<br/>0, 0, 0, 0, 0, 0, 0, 0, 0, 0]>, fillcolor="#e59a3900"] ;
1 -> 3 ;
4 [label=<Kasai age &le; 43.0<br/>entropy = 2.231<br/>samples = 11<br/>value = [2, 3, 0, 1, 3, 2, 0, 0, 0, 0, 0, 0, 0, 0<br/>0, 0, 0, 0, 0, 0, 0, 0, 0, 0, 0, 0, 0, 0<br/>0, 0, 0, 0, 0, 0, 0, 0, 0, 0]>, fillcolor="#e59a3900"] ;
3 -> 4 ;
5 [label=<pre.Kop T.bil &le; 9.52<br/>entropy = 1.522<br/>samples = 5<br/>value = [0, 2, 0, 0, 1, 2, 0, 0, 0, 0, 0, 0, 0, 0<br/>0, 0, 0, 0, 0, 0, 0, 0, 0, 0, 0, 0, 0, 0<br/>0, 0, 0, 0, 0, 0, 0, 0, 0, 0]>, fillcolor="#e59a3900"] ;
4 -> 5 ;
6 [label=<pre.Kop GGT &le; 535.5<br/>entropy = 0.918<br/>samples = 3<br/>value = [0, 0, 0, 0, 1, 2, 0, 0, 0, 0, 0, 0, 0, 0<br/>0, 0, 0, 0, 0, 0, 0, 0, 0, 0, 0, 0, 0, 0<br/>0, 0, 0, 0, 0, 0, 0, 0, 0, 0]>, fillcolor="#c3e5397f"] ;
5 -> 6 ;
7 [label=<entropy = 0.0<br/>samples = 2<br/>value = [0, 0, 0, 0, 0, 2, 0, 0, 0, 0, 0, 0, 0, 0<br/>0, 0, 0, 0, 0, 0, 0, 0, 0, 0, 0, 0, 0, 0<br/>0, 0, 0, 0, 0, 0, 0, 0, 0, 0]>, fillcolor="#c3e539ff"] ;
6 -> 7 ;
8 [label=<entropy = 0.0<br/>samples = 1<br/>value = [0, 0, 0, 0, 1, 0, 0, 0, 0, 0, 0, 0, 0, 0<br/>0, 0, 0, 0, 0, 0, 0, 0, 0, 0, 0, 0, 0, 0<br/>0, 0, 0, 0, 0, 0, 0, 0, 0, 0]>, fillcolor="#dfe539ff"] ;
6 -> 8 ;
9 [label=<entropy = 0.0<br/>samples = 2<br/>value = [0, 2, 0, 0, 0, 0, 0, 0, 0, 0, 0, 0, 0, 0<br/>0, 0, 0, 0, 0, 0, 0, 0, 0, 0, 0, 0, 0, 0<br/>0, 0, 0, 0, 0, 0, 0, 0, 0, 0]>, fillcolor="#e59a39ff"] ;
5 -> 9 ;
10 [label=<cholangitis &le; 0.5<br/>entropy = 1.918<br/>samples = 6<br/>value = [2, 1, 0, 1, 2, 0, 0, 0, 0, 0, 0, 0, 0, 0<br/>0, 0, 0, 0, 0, 0, 0, 0, 0, 0, 0, 0, 0, 0<br/>0, 0, 0, 0, 0, 0, 0, 0, 0, 0]>, fillcolor="#e5813900"] ;
4 -> 10 ;
11 [label=<post.1wk D.bil &le; 1.53<br/>entropy = 1.585<br/>samples = 3<br/>value = [0, 1, 0, 1, 1, 0, 0, 0, 0, 0, 0, 0, 0, 0<br/>0, 0, 0, 0, 0, 0, 0, 0, 0, 0, 0, 0, 0, 0<br/>0, 0, 0, 0, 0, 0, 0, 0, 0, 0]>, fillcolor="#e59a3900"] ;
10 -> 11 ;
12 [label=<entropy = 0.0<br/>samples = 1<br/>value = [0, 0, 0, 0, 1, 0, 0, 0, 0, 0, 0, 0, 0, 0<br/>0, 0, 0, 0, 0, 0, 0, 0, 0, 0, 0, 0, 0, 0<br/>0, 0, 0, 0, 0, 0, 0, 0, 0, 0]>, fillcolor="#dfe539ff"] ;
11 -> 12 ;
13 [label=<Kasai age &le; 49.5<br/>entropy = 1.0<br/>samples = 2<br/>value = [0, 1, 0, 1, 0, 0, 0, 0, 0, 0, 0, 0, 0, 0<br/>0, 0, 0, 0, 0, 0, 0, 0, 0, 0, 0, 0, 0, 0<br/>0, 0, 0, 0, 0, 0, 0, 0, 0, 0]>, fillcolor="#e59a3900"] ;
11 -> 13 ;
14 [label=<entropy = 0.0<br/>samples = 1<br/>value = [0, 0, 0, 1, 0, 0, 0, 0, 0, 0, 0, 0, 0, 0<br/>0, 0, 0, 0, 0, 0, 0, 0, 0, 0, 0, 0, 0, 0<br/>0, 0, 0, 0, 0, 0, 0, 0, 0, 0]>, fillcolor="#e5d139ff"] ;
13 -> 14 ;
15 [label=<entropy = 0.0<br/>samples = 1<br/>value = [0, 1, 0, 0, 0, 0, 0, 0, 0, 0, 0, 0, 0, 0<br/>0, 0, 0, 0, 0, 0, 0, 0, 0, 0, 0, 0, 0, 0<br/>0, 0, 0, 0, 0, 0, 0, 0, 0, 0]>, fillcolor="#e59a39ff"] ;
13 -> 15 ;
16 [label=<follow up time &le; 14.5<br/>entropy = 0.918<br/>samples = 3<br/>value = [2, 0, 0, 0, 1, 0, 0, 0, 0, 0, 0, 0, 0, 0<br/>0, 0, 0, 0, 0, 0, 0, 0, 0, 0, 0, 0, 0, 0<br/>0, 0, 0, 0, 0, 0, 0, 0, 0, 0]>, fillcolor="#e581397f"] ;
10 -> 16 ;
17 [label=<entropy = 0.0<br/>samples = 2<br/>value = [2, 0, 0, 0, 0, 0, 0, 0, 0, 0, 0, 0, 0, 0<br/>0, 0, 0, 0, 0, 0, 0, 0, 0, 0, 0, 0, 0, 0<br/>0, 0, 0, 0, 0, 0, 0, 0, 0, 0]>, fillcolor="#e58139ff"] ;
16 -> 17 ;
18 [label=<entropy = 0.0<br/>samples = 1<br/>value = [0, 0, 0, 0, 1, 0, 0, 0, 0, 0, 0, 0, 0, 0<br/>0, 0, 0, 0, 0, 0, 0, 0, 0, 0, 0, 0, 0, 0<br/>0, 0, 0, 0, 0, 0, 0, 0, 0, 0]>, fillcolor="#dfe539ff"] ;
16 -> 18 ;
19 [label=<post.1wk D.bil &le; 2.895<br/>entropy = 1.585<br/>samples = 3<br/>value = [0, 0, 1, 0, 0, 0, 0, 1, 1, 0, 0, 0, 0, 0<br/>0, 0, 0, 0, 0, 0, 0, 0, 0, 0, 0, 0, 0, 0<br/>0, 0, 0, 0, 0, 0, 0, 0, 0, 0]>, fillcolor="#e5b43900"] ;
3 -> 19 ;
20 [label=<entropy = 0.0<br/>samples = 1<br/>value = [0, 0, 0, 0, 0, 0, 0, 0, 1, 0, 0, 0, 0, 0<br/>0, 0, 0, 0, 0, 0, 0, 0, 0, 0, 0, 0, 0, 0<br/>0, 0, 0, 0, 0, 0, 0, 0, 0, 0]>, fillcolor="#72e539ff"] ;
19 -> 20 ;
21 [label=<post-op juandice time &le; 125.5<br/>entropy = 1.0<br/>samples = 2<br/>value = [0, 0, 1, 0, 0, 0, 0, 1, 0, 0, 0, 0, 0, 0<br/>0, 0, 0, 0, 0, 0, 0, 0, 0, 0, 0, 0, 0, 0<br/>0, 0, 0, 0, 0, 0, 0, 0, 0, 0]>, fillcolor="#e5b43900"] ;
19 -> 21 ;
22 [label=<entropy = 0.0<br/>samples = 1<br/>value = [0, 0, 0, 0, 0, 0, 0, 1, 0, 0, 0, 0, 0, 0<br/>0, 0, 0, 0, 0, 0, 0, 0, 0, 0, 0, 0, 0, 0<br/>0, 0, 0, 0, 0, 0, 0, 0, 0, 0]>, fillcolor="#8ce539ff"] ;
21 -> 22 ;
23 [label=<entropy = 0.0<br/>samples = 1<br/>value = [0, 0, 1, 0, 0, 0, 0, 0, 0, 0, 0, 0, 0, 0<br/>0, 0, 0, 0, 0, 0, 0, 0, 0, 0, 0, 0, 0, 0<br/>0, 0, 0, 0, 0, 0, 0, 0, 0, 0]>, fillcolor="#e5b439ff"] ;
21 -> 23 ;
24 [label=<follow up time &le; 64.0<br/>entropy = 4.844<br/>samples = 35<br/>value = [0, 0, 0, 0, 0, 0, 1, 0, 0, 1, 1, 2, 1, 1<br/>1, 1, 2, 1, 1, 1, 1, 1, 1, 1, 1, 1, 2, 2<br/>1, 1, 1, 1, 1, 1, 1, 2, 1, 1]>, fillcolor="#39e55300"] ;
0 -> 24 [labeldistance=2.5, labelangle=-45, headlabel="False"] ;
25 [label=<pre.Kop D.bil &le; 4.645<br/>entropy = 3.852<br/>samples = 17<br/>value = [0, 0, 0, 0, 0, 0, 0, 0, 0, 1, 1, 2, 1, 1<br/>1, 1, 2, 1, 1, 1, 1, 1, 1, 1, 0, 0, 0, 0<br/>0, 0, 0, 0, 0, 0, 0, 0, 0, 0]>, fillcolor="#39e55300"] ;
24 -> 25 ;
26 [label=<Kasai age &le; 37.5<br/>entropy = 2.75<br/>samples = 8<br/>value = [0, 0, 0, 0, 0, 0, 0, 0, 0, 1, 1, 0, 0, 1<br/>1, 0, 2, 0, 0, 1, 1, 0, 0, 0, 0, 0, 0, 0<br/>0, 0, 0, 0, 0, 0, 0, 0, 0, 0]>, fillcolor="#39e5da24"] ;
25 -> 26 ;
27 [label=<post.1wk GGT &le; 421.465<br/>entropy = 2.0<br/>samples = 4<br/>value = [0, 0, 0, 0, 0, 0, 0, 0, 0, 1, 1, 0, 0, 1<br/>1, 0, 0, 0, 0, 0, 0, 0, 0, 0, 0, 0, 0, 0<br/>0, 0, 0, 0, 0, 0, 0, 0, 0, 0]>, fillcolor="#56e53900"] ;
26 -> 27 ;
28 [label=<pre.Kop T.bil &le; 6.125<br/>entropy = 1.0<br/>samples = 2<br/>value = [0, 0, 0, 0, 0, 0, 0, 0, 0, 0, 0, 0, 0, 1<br/>1, 0, 0, 0, 0, 0, 0, 0, 0, 0, 0, 0, 0, 0<br/>0, 0, 0, 0, 0, 0, 0, 0, 0, 0]>, fillcolor="#39e58900"] ;
27 -> 28 ;
29 [label=<entropy = 0.0<br/>samples = 1<br/>value = [0, 0, 0, 0, 0, 0, 0, 0, 0, 0, 0, 0, 0, 1<br/>0, 0, 0, 0, 0, 0, 0, 0, 0, 0, 0, 0, 0, 0<br/>0, 0, 0, 0, 0, 0, 0, 0, 0, 0]>, fillcolor="#39e589ff"] ;
28 -> 29 ;
30 [label=<entropy = 0.0<br/>samples = 1<br/>value = [0, 0, 0, 0, 0, 0, 0, 0, 0, 0, 0, 0, 0, 0<br/>1, 0, 0, 0, 0, 0, 0, 0, 0, 0, 0, 0, 0, 0<br/>0, 0, 0, 0, 0, 0, 0, 0, 0, 0]>, fillcolor="#39e5a3ff"] ;
28 -> 30 ;
31 [label=<post.1wk T.bil &le; 4.78<br/>entropy = 1.0<br/>samples = 2<br/>value = [0, 0, 0, 0, 0, 0, 0, 0, 0, 1, 1, 0, 0, 0<br/>0, 0, 0, 0, 0, 0, 0, 0, 0, 0, 0, 0, 0, 0<br/>0, 0, 0, 0, 0, 0, 0, 0, 0, 0]>, fillcolor="#56e53900"] ;
27 -> 31 ;
32 [label=<entropy = 0.0<br/>samples = 1<br/>value = [0, 0, 0, 0, 0, 0, 0, 0, 0, 1, 0, 0, 0, 0<br/>0, 0, 0, 0, 0, 0, 0, 0, 0, 0, 0, 0, 0, 0<br/>0, 0, 0, 0, 0, 0, 0, 0, 0, 0]>, fillcolor="#56e539ff"] ;
31 -> 32 ;
33 [label=<entropy = 0.0<br/>samples = 1<br/>value = [0, 0, 0, 0, 0, 0, 0, 0, 0, 0, 1, 0, 0, 0<br/>0, 0, 0, 0, 0, 0, 0, 0, 0, 0, 0, 0, 0, 0<br/>0, 0, 0, 0, 0, 0, 0, 0, 0, 0]>, fillcolor="#3ce539ff"] ;
31 -> 33 ;
34 [label=<post.1wk D.bil &le; 3.655<br/>entropy = 1.5<br/>samples = 4<br/>value = [0, 0, 0, 0, 0, 0, 0, 0, 0, 0, 0, 0, 0, 0<br/>0, 0, 2, 0, 0, 1, 1, 0, 0, 0, 0, 0, 0, 0<br/>0, 0, 0, 0, 0, 0, 0, 0, 0, 0]>, fillcolor="#39e5da55"] ;
26 -> 34 ;
35 [label=<entropy = 0.0<br/>samples = 2<br/>value = [0, 0, 0, 0, 0, 0, 0, 0, 0, 0, 0, 0, 0, 0<br/>0, 0, 2, 0, 0, 0, 0, 0, 0, 0, 0, 0, 0, 0<br/>0, 0, 0, 0, 0, 0, 0, 0, 0, 0]>, fillcolor="#39e5daff"] ;
34 -> 35 ;
36 [label=<post.1wk D.bil &le; 4.32<br/>entropy = 1.0<br/>samples = 2<br/>value = [0, 0, 0, 0, 0, 0, 0, 0, 0, 0, 0, 0, 0, 0<br/>0, 0, 0, 0, 0, 1, 1, 0, 0, 0, 0, 0, 0, 0<br/>0, 0, 0, 0, 0, 0, 0, 0, 0, 0]>, fillcolor="#399de500"] ;
34 -> 36 ;
37 [label=<entropy = 0.0<br/>samples = 1<br/>value = [0, 0, 0, 0, 0, 0, 0, 0, 0, 0, 0, 0, 0, 0<br/>0, 0, 0, 0, 0, 1, 0, 0, 0, 0, 0, 0, 0, 0<br/>0, 0, 0, 0, 0, 0, 0, 0, 0, 0]>, fillcolor="#399de5ff"] ;
36 -> 37 ;
38 [label=<entropy = 0.0<br/>samples = 1<br/>value = [0, 0, 0, 0, 0, 0, 0, 0, 0, 0, 0, 0, 0, 0<br/>0, 0, 0, 0, 0, 0, 1, 0, 0, 0, 0, 0, 0, 0<br/>0, 0, 0, 0, 0, 0, 0, 0, 0, 0]>, fillcolor="#3983e5ff"] ;
36 -> 38 ;
39 [label=<cholangitis &le; 0.5<br/>entropy = 2.948<br/>samples = 9<br/>value = [0, 0, 0, 0, 0, 0, 0, 0, 0, 0, 0, 2, 1, 0<br/>0, 1, 0, 1, 1, 0, 0, 1, 1, 1, 0, 0, 0, 0<br/>0, 0, 0, 0, 0, 0, 0, 0, 0, 0]>, fillcolor="#39e55320"] ;
25 -> 39 ;
40 [label=<pre.Kop T.bil &le; 8.655<br/>entropy = 2.322<br/>samples = 5<br/>value = [0, 0, 0, 0, 0, 0, 0, 0, 0, 0, 0, 0, 1, 0<br/>0, 0, 0, 1, 0, 0, 0, 1, 1, 1, 0, 0, 0, 0<br/>0, 0, 0, 0, 0, 0, 0, 0, 0, 0]>, fillcolor="#39e56d00"] ;
39 -> 40 ;
41 [label=<ID &le; 5829878.5<br/>entropy = 1.0<br/>samples = 2<br/>value = [0, 0, 0, 0, 0, 0, 0, 0, 0, 0, 0, 0, 0, 0<br/>0, 0, 0, 1, 0, 0, 0, 0, 0, 1, 0, 0, 0, 0<br/>0, 0, 0, 0, 0, 0, 0, 0, 0, 0]>, fillcolor="#39d4e500"] ;
40 -> 41 ;
42 [label=<entropy = 0.0<br/>samples = 1<br/>value = [0, 0, 0, 0, 0, 0, 0, 0, 0, 0, 0, 0, 0, 0<br/>0, 0, 0, 0, 0, 0, 0, 0, 0, 1, 0, 0, 0, 0<br/>0, 0, 0, 0, 0, 0, 0, 0, 0, 0]>, fillcolor="#3f39e5ff"] ;
41 -> 42 ;
43 [label=<entropy = 0.0<br/>samples = 1<br/>value = [0, 0, 0, 0, 0, 0, 0, 0, 0, 0, 0, 0, 0, 0<br/>0, 0, 0, 1, 0, 0, 0, 0, 0, 0, 0, 0, 0, 0<br/>0, 0, 0, 0, 0, 0, 0, 0, 0, 0]>, fillcolor="#39d4e5ff"] ;
41 -> 43 ;
44 [label=<post.1wk GGT &le; 633.0<br/>entropy = 1.585<br/>samples = 3<br/>value = [0, 0, 0, 0, 0, 0, 0, 0, 0, 0, 0, 0, 1, 0<br/>0, 0, 0, 0, 0, 0, 0, 1, 1, 0, 0, 0, 0, 0<br/>0, 0, 0, 0, 0, 0, 0, 0, 0, 0]>, fillcolor="#39e56d00"] ;
40 -> 44 ;
45 [label=<entropy = 0.0<br/>samples = 1<br/>value = [0, 0, 0, 0, 0, 0, 0, 0, 0, 0, 0, 0, 0, 0<br/>0, 0, 0, 0, 0, 0, 0, 1, 0, 0, 0, 0, 0, 0<br/>0, 0, 0, 0, 0, 0, 0, 0, 0, 0]>, fillcolor="#396ae5ff"] ;
44 -> 45 ;
46 [label=<post.1wk D.bil &le; 5.95<br/>entropy = 1.0<br/>samples = 2<br/>value = [0, 0, 0, 0, 0, 0, 0, 0, 0, 0, 0, 0, 1, 0<br/>0, 0, 0, 0, 0, 0, 0, 0, 1, 0, 0, 0, 0, 0<br/>0, 0, 0, 0, 0, 0, 0, 0, 0, 0]>, fillcolor="#39e56d00"] ;
44 -> 46 ;
47 [label=<entropy = 0.0<br/>samples = 1<br/>value = [0, 0, 0, 0, 0, 0, 0, 0, 0, 0, 0, 0, 1, 0<br/>0, 0, 0, 0, 0, 0, 0, 0, 0, 0, 0, 0, 0, 0<br/>0, 0, 0, 0, 0, 0, 0, 0, 0, 0]>, fillcolor="#39e56dff"] ;
46 -> 47 ;
48 [label=<entropy = 0.0<br/>samples = 1<br/>value = [0, 0, 0, 0, 0, 0, 0, 0, 0, 0, 0, 0, 0, 0<br/>0, 0, 0, 0, 0, 0, 0, 0, 1, 0, 0, 0, 0, 0<br/>0, 0, 0, 0, 0, 0, 0, 0, 0, 0]>, fillcolor="#394de5ff"] ;
46 -> 48 ;
49 [label=<ID &le; 6387351.5<br/>entropy = 1.5<br/>samples = 4<br/>value = [0, 0, 0, 0, 0, 0, 0, 0, 0, 0, 0, 2, 0, 0<br/>0, 1, 0, 0, 1, 0, 0, 0, 0, 0, 0, 0, 0, 0<br/>0, 0, 0, 0, 0, 0, 0, 0, 0, 0]>, fillcolor="#39e55355"] ;
39 -> 49 ;
50 [label=<post.1wk GGT &le; 377.965<br/>entropy = 1.0<br/>samples = 2<br/>value = [0, 0, 0, 0, 0, 0, 0, 0, 0, 0, 0, 0, 0, 0<br/>0, 1, 0, 0, 1, 0, 0, 0, 0, 0, 0, 0, 0, 0<br/>0, 0, 0, 0, 0, 0, 0, 0, 0, 0]>, fillcolor="#39e5c000"] ;
49 -> 50 ;
51 [label=<entropy = 0.0<br/>samples = 1<br/>value = [0, 0, 0, 0, 0, 0, 0, 0, 0, 0, 0, 0, 0, 0<br/>0, 1, 0, 0, 0, 0, 0, 0, 0, 0, 0, 0, 0, 0<br/>0, 0, 0, 0, 0, 0, 0, 0, 0, 0]>, fillcolor="#39e5c0ff"] ;
50 -> 51 ;
52 [label=<entropy = 0.0<br/>samples = 1<br/>value = [0, 0, 0, 0, 0, 0, 0, 0, 0, 0, 0, 0, 0, 0<br/>0, 0, 0, 0, 1, 0, 0, 0, 0, 0, 0, 0, 0, 0<br/>0, 0, 0, 0, 0, 0, 0, 0, 0, 0]>, fillcolor="#39bae5ff"] ;
50 -> 52 ;
53 [label=<entropy = 0.0<br/>samples = 2<br/>value = [0, 0, 0, 0, 0, 0, 0, 0, 0, 0, 0, 2, 0, 0<br/>0, 0, 0, 0, 0, 0, 0, 0, 0, 0, 0, 0, 0, 0<br/>0, 0, 0, 0, 0, 0, 0, 0, 0, 0]>, fillcolor="#39e553ff"] ;
49 -> 53 ;
54 [label=<follow up time &le; 107.0<br/>entropy = 3.837<br/>samples = 18<br/>value = [0, 0, 0, 0, 0, 0, 1, 0, 0, 0, 0, 0, 0, 0<br/>0, 0, 0, 0, 0, 0, 0, 0, 0, 0, 1, 1, 2, 2<br/>1, 1, 1, 1, 1, 1, 1, 2, 1, 1]>, fillcolor="#9239e500"] ;
24 -> 54 ;
55 [label=<post.1wk T.bil &le; 3.97<br/>entropy = 2.725<br/>samples = 9<br/>value = [0, 0, 0, 0, 0, 0, 1, 0, 0, 0, 0, 0, 0, 0<br/>0, 0, 0, 0, 0, 0, 0, 0, 0, 0, 1, 1, 2, 2<br/>1, 1, 0, 0, 0, 0, 0, 0, 0, 0]>, fillcolor="#9239e500"] ;
54 -> 55 ;
56 [label=<pre.Kop D.bil &le; 4.995<br/>entropy = 2.0<br/>samples = 4<br/>value = [0, 0, 0, 0, 0, 0, 0, 0, 0, 0, 0, 0, 0, 0<br/>0, 0, 0, 0, 0, 0, 0, 0, 0, 0, 1, 1, 0, 0<br/>1, 1, 0, 0, 0, 0, 0, 0, 0, 0]>, fillcolor="#5b39e500"] ;
55 -> 56 ;
57 [label=<GI bleeding &le; 0.5<br/>entropy = 1.0<br/>samples = 2<br/>value = [0, 0, 0, 0, 0, 0, 0, 0, 0, 0, 0, 0, 0, 0<br/>0, 0, 0, 0, 0, 0, 0, 0, 0, 0, 1, 1, 0, 0<br/>0, 0, 0, 0, 0, 0, 0, 0, 0, 0]>, fillcolor="#5b39e500"] ;
56 -> 57 ;
58 [label=<entropy = 0.0<br/>samples = 1<br/>value = [0, 0, 0, 0, 0, 0, 0, 0, 0, 0, 0, 0, 0, 0<br/>0, 0, 0, 0, 0, 0, 0, 0, 0, 0, 1, 0, 0, 0<br/>0, 0, 0, 0, 0, 0, 0, 0, 0, 0]>, fillcolor="#5b39e5ff"] ;
57 -> 58 ;
59 [label=<entropy = 0.0<br/>samples = 1<br/>value = [0, 0, 0, 0, 0, 0, 0, 0, 0, 0, 0, 0, 0, 0<br/>0, 0, 0, 0, 0, 0, 0, 0, 0, 0, 0, 1, 0, 0<br/>0, 0, 0, 0, 0, 0, 0, 0, 0, 0]>, fillcolor="#7539e5ff"] ;
57 -> 59 ;
60 [label=<follow up time &le; 91.0<br/>entropy = 1.0<br/>samples = 2<br/>value = [0, 0, 0, 0, 0, 0, 0, 0, 0, 0, 0, 0, 0, 0<br/>0, 0, 0, 0, 0, 0, 0, 0, 0, 0, 0, 0, 0, 0<br/>1, 1, 0, 0, 0, 0, 0, 0, 0, 0]>, fillcolor="#c839e500"] ;
56 -> 60 ;
61 [label=<entropy = 0.0<br/>samples = 1<br/>value = [0, 0, 0, 0, 0, 0, 0, 0, 0, 0, 0, 0, 0, 0<br/>0, 0, 0, 0, 0, 0, 0, 0, 0, 0, 0, 0, 0, 0<br/>1, 0, 0, 0, 0, 0, 0, 0, 0, 0]>, fillcolor="#c839e5ff"] ;
60 -> 61 ;
62 [label=<entropy = 0.0<br/>samples = 1<br/>value = [0, 0, 0, 0, 0, 0, 0, 0, 0, 0, 0, 0, 0, 0<br/>0, 0, 0, 0, 0, 0, 0, 0, 0, 0, 0, 0, 0, 0<br/>0, 1, 0, 0, 0, 0, 0, 0, 0, 0]>, fillcolor="#e239e5ff"] ;
60 -> 62 ;
63 [label=<post.1wk D.bil &le; 3.96<br/>entropy = 1.522<br/>samples = 5<br/>value = [0, 0, 0, 0, 0, 0, 1, 0, 0, 0, 0, 0, 0, 0<br/>0, 0, 0, 0, 0, 0, 0, 0, 0, 0, 0, 0, 2, 2<br/>0, 0, 0, 0, 0, 0, 0, 0, 0, 0]>, fillcolor="#9239e500"] ;
55 -> 63 ;
64 [label=<pre.Kop GGT &le; 381.5<br/>entropy = 0.918<br/>samples = 3<br/>value = [0, 0, 0, 0, 0, 0, 1, 0, 0, 0, 0, 0, 0, 0<br/>0, 0, 0, 0, 0, 0, 0, 0, 0, 0, 0, 0, 0, 2<br/>0, 0, 0, 0, 0, 0, 0, 0, 0, 0]>, fillcolor="#ac39e57f"] ;
63 -> 64 ;
65 [label=<entropy = 0.0<br/>samples = 1<br/>value = [0, 0, 0, 0, 0, 0, 1, 0, 0, 0, 0, 0, 0, 0<br/>0, 0, 0, 0, 0, 0, 0, 0, 0, 0, 0, 0, 0, 0<br/>0, 0, 0, 0, 0, 0, 0, 0, 0, 0]>, fillcolor="#a9e539ff"] ;
64 -> 65 ;
66 [label=<entropy = 0.0<br/>samples = 2<br/>value = [0, 0, 0, 0, 0, 0, 0, 0, 0, 0, 0, 0, 0, 0<br/>0, 0, 0, 0, 0, 0, 0, 0, 0, 0, 0, 0, 0, 2<br/>0, 0, 0, 0, 0, 0, 0, 0, 0, 0]>, fillcolor="#ac39e5ff"] ;
64 -> 66 ;
67 [label=<entropy = 0.0<br/>samples = 2<br/>value = [0, 0, 0, 0, 0, 0, 0, 0, 0, 0, 0, 0, 0, 0<br/>0, 0, 0, 0, 0, 0, 0, 0, 0, 0, 0, 0, 2, 0<br/>0, 0, 0, 0, 0, 0, 0, 0, 0, 0]>, fillcolor="#9239e5ff"] ;
63 -> 67 ;
68 [label=<post-op juandice time &le; 47.0<br/>entropy = 2.948<br/>samples = 9<br/>value = [0, 0, 0, 0, 0, 0, 0, 0, 0, 0, 0, 0, 0, 0<br/>0, 0, 0, 0, 0, 0, 0, 0, 0, 0, 0, 0, 0, 0<br/>0, 0, 1, 1, 1, 1, 1, 2, 1, 1]>, fillcolor="#e5394420"] ;
54 -> 68 ;
69 [label=<Gender &le; 0.5<br/>entropy = 1.5<br/>samples = 4<br/>value = [0, 0, 0, 0, 0, 0, 0, 0, 0, 0, 0, 0, 0, 0<br/>0, 0, 0, 0, 0, 0, 0, 0, 0, 0, 0, 0, 0, 0<br/>0, 0, 0, 1, 0, 1, 0, 2, 0, 0]>, fillcolor="#e5394455"] ;
68 -> 69 ;
70 [label=<ID &le; 4765013.5<br/>entropy = 1.0<br/>samples = 2<br/>value = [0, 0, 0, 0, 0, 0, 0, 0, 0, 0, 0, 0, 0, 0<br/>0, 0, 0, 0, 0, 0, 0, 0, 0, 0, 0, 0, 0, 0<br/>0, 0, 0, 1, 0, 1, 0, 0, 0, 0]>, fillcolor="#e539b100"] ;
69 -> 70 ;
71 [label=<entropy = 0.0<br/>samples = 1<br/>value = [0, 0, 0, 0, 0, 0, 0, 0, 0, 0, 0, 0, 0, 0<br/>0, 0, 0, 0, 0, 0, 0, 0, 0, 0, 0, 0, 0, 0<br/>0, 0, 0, 1, 0, 0, 0, 0, 0, 0]>, fillcolor="#e539b1ff"] ;
70 -> 71 ;
72 [label=<entropy = 0.0<br/>samples = 1<br/>value = [0, 0, 0, 0, 0, 0, 0, 0, 0, 0, 0, 0, 0, 0<br/>0, 0, 0, 0, 0, 0, 0, 0, 0, 0, 0, 0, 0, 0<br/>0, 0, 0, 0, 0, 1, 0, 0, 0, 0]>, fillcolor="#e5397bff"] ;
70 -> 72 ;
73 [label=<entropy = 0.0<br/>samples = 2<br/>value = [0, 0, 0, 0, 0, 0, 0, 0, 0, 0, 0, 0, 0, 0<br/>0, 0, 0, 0, 0, 0, 0, 0, 0, 0, 0, 0, 0, 0<br/>0, 0, 0, 0, 0, 0, 0, 2, 0, 0]>, fillcolor="#e53944ff"] ;
69 -> 73 ;
74 [label=<EV/GV &le; 0.5<br/>entropy = 2.322<br/>samples = 5<br/>value = [0, 0, 0, 0, 0, 0, 0, 0, 0, 0, 0, 0, 0, 0<br/>0, 0, 0, 0, 0, 0, 0, 0, 0, 0, 0, 0, 0, 0<br/>0, 0, 1, 0, 1, 0, 1, 0, 1, 1]>, fillcolor="#e539cb00"] ;
68 -> 74 ;
75 [label=<ascites &le; 0.5<br/>entropy = 1.585<br/>samples = 3<br/>value = [0, 0, 0, 0, 0, 0, 0, 0, 0, 0, 0, 0, 0, 0<br/>0, 0, 0, 0, 0, 0, 0, 0, 0, 0, 0, 0, 0, 0<br/>0, 0, 1, 0, 1, 0, 0, 0, 0, 1]>, fillcolor="#e539cb00"] ;
74 -> 75 ;
76 [label=<pre.Kop GGT &le; 445.5<br/>entropy = 1.0<br/>samples = 2<br/>value = [0, 0, 0, 0, 0, 0, 0, 0, 0, 0, 0, 0, 0, 0<br/>0, 0, 0, 0, 0, 0, 0, 0, 0, 0, 0, 0, 0, 0<br/>0, 0, 1, 0, 0, 0, 0, 0, 0, 1]>, fillcolor="#e539cb00"] ;
75 -> 76 ;
77 [label=<entropy = 0.0<br/>samples = 1<br/>value = [0, 0, 0, 0, 0, 0, 0, 0, 0, 0, 0, 0, 0, 0<br/>0, 0, 0, 0, 0, 0, 0, 0, 0, 0, 0, 0, 0, 0<br/>0, 0, 1, 0, 0, 0, 0, 0, 0, 0]>, fillcolor="#e539cbff"] ;
76 -> 77 ;
78 [label=<entropy = 0.0<br/>samples = 1<br/>value = [0, 0, 0, 0, 0, 0, 0, 0, 0, 0, 0, 0, 0, 0<br/>0, 0, 0, 0, 0, 0, 0, 0, 0, 0, 0, 0, 0, 0<br/>0, 0, 0, 0, 0, 0, 0, 0, 0, 1]>, fillcolor="#e56439ff"] ;
76 -> 78 ;
79 [label=<entropy = 0.0<br/>samples = 1<br/>value = [0, 0, 0, 0, 0, 0, 0, 0, 0, 0, 0, 0, 0, 0<br/>0, 0, 0, 0, 0, 0, 0, 0, 0, 0, 0, 0, 0, 0<br/>0, 0, 0, 0, 1, 0, 0, 0, 0, 0]>, fillcolor="#e53995ff"] ;
75 -> 79 ;
80 [label=<Gender &le; 0.5<br/>entropy = 1.0<br/>samples = 2<br/>value = [0, 0, 0, 0, 0, 0, 0, 0, 0, 0, 0, 0, 0, 0<br/>0, 0, 0, 0, 0, 0, 0, 0, 0, 0, 0, 0, 0, 0<br/>0, 0, 0, 0, 0, 0, 1, 0, 1, 0]>, fillcolor="#e5395e00"] ;
74 -> 80 ;
81 [label=<entropy = 0.0<br/>samples = 1<br/>value = [0, 0, 0, 0, 0, 0, 0, 0, 0, 0, 0, 0, 0, 0<br/>0, 0, 0, 0, 0, 0, 0, 0, 0, 0, 0, 0, 0, 0<br/>0, 0, 0, 0, 0, 0, 0, 0, 1, 0]>, fillcolor="#e54a39ff"] ;
80 -> 81 ;
82 [label=<entropy = 0.0<br/>samples = 1<br/>value = [0, 0, 0, 0, 0, 0, 0, 0, 0, 0, 0, 0, 0, 0<br/>0, 0, 0, 0, 0, 0, 0, 0, 0, 0, 0, 0, 0, 0<br/>0, 0, 0, 0, 0, 0, 1, 0, 0, 0]>, fillcolor="#e5395eff"] ;
80 -> 82 ;
}
