digraph Tree {
node [shape=box, style="filled, rounded", color="black", fontname=helvetica] ;
edge [fontname=helvetica] ;
0 [label=<follow up time &le; 18.5<br/>entropy = 5.246<br/>samples = 69<br/>value = [1, 3, 5, 3, 2, 5, 4, 2, 2, 1, 2, 3, 2, 1<br/>1, 1, 1, 1, 2, 1, 1, 1, 1, 1, 1, 1, 1, 1<br/>1, 1, 1, 1, 1, 1, 1, 1, 1, 1, 1, 1, 1, 1<br/>1, 1, 2]>, fillcolor="#e5ae3900"] ;
1 [label=<follow up time &le; 11.5<br/>entropy = 3.514<br/>samples = 34<br/>value = [1, 3, 5, 3, 2, 5, 4, 2, 2, 1, 2, 3, 0, 0<br/>0, 0, 0, 0, 0, 0, 0, 0, 0, 0, 0, 0, 0, 0<br/>0, 0, 0, 0, 0, 0, 1, 0, 0, 0, 0, 0, 0, 0<br/>0, 0, 0]>, fillcolor="#e5ae3900"] ;
0 -> 1 [labeldistance=2.5, labelangle=45, headlabel="True"] ;
2 [label=<follow up time &le; 8.5<br/>entropy = 2.42<br/>samples = 19<br/>value = [1, 3, 5, 3, 2, 5, 0, 0, 0, 0, 0, 0, 0, 0<br/>0, 0, 0, 0, 0, 0, 0, 0, 0, 0, 0, 0, 0, 0<br/>0, 0, 0, 0, 0, 0, 0, 0, 0, 0, 0, 0, 0, 0<br/>0, 0, 0]>, fillcolor="#e5ae3900"] ;
1 -> 2 ;
3 [label=<follow up time &le; 7.5<br/>entropy = 1.685<br/>samples = 10<br/>value = [1, 3, 5, 0, 0, 1, 0, 0, 0, 0, 0, 0, 0, 0<br/>0, 0, 0, 0, 0, 0, 0, 0, 0, 0, 0, 0, 0, 0<br/>0, 0, 0, 0, 0, 0, 0, 0, 0, 0, 0, 0, 0, 0<br/>0, 0, 0]>, fillcolor="#e5ae3949"] ;
2 -> 3 ;
4 [label=<pre.Kop D.bil &le; 4.215<br/>entropy = 1.371<br/>samples = 5<br/>value = [1, 3, 0, 0, 0, 1, 0, 0, 0, 0, 0, 0, 0, 0<br/>0, 0, 0, 0, 0, 0, 0, 0, 0, 0, 0, 0, 0, 0<br/>0, 0, 0, 0, 0, 0, 0, 0, 0, 0, 0, 0, 0, 0<br/>0, 0, 0]>, fillcolor="#e598397f"] ;
3 -> 4 ;
5 [label=<post.1wk D.bil &le; 4.01<br/>entropy = 1.0<br/>samples = 2<br/>value = [1, 0, 0, 0, 0, 1, 0, 0, 0, 0, 0, 0, 0, 0<br/>0, 0, 0, 0, 0, 0, 0, 0, 0, 0, 0, 0, 0, 0<br/>0, 0, 0, 0, 0, 0, 0, 0, 0, 0, 0, 0, 0, 0<br/>0, 0, 0]>, fillcolor="#e5813900"] ;
4 -> 5 ;
6 [label=<entropy = 0.0<br/>samples = 1<br/>value = [0, 0, 0, 0, 0, 1, 0, 0, 0, 0, 0, 0, 0, 0<br/>0, 0, 0, 0, 0, 0, 0, 0, 0, 0, 0, 0, 0, 0<br/>0, 0, 0, 0, 0, 0, 0, 0, 0, 0, 0, 0, 0, 0<br/>0, 0, 0]>, fillcolor="#d7e539ff"] ;
5 -> 6 ;
7 [label=<entropy = 0.0<br/>samples = 1<br/>value = [1, 0, 0, 0, 0, 0, 0, 0, 0, 0, 0, 0, 0, 0<br/>0, 0, 0, 0, 0, 0, 0, 0, 0, 0, 0, 0, 0, 0<br/>0, 0, 0, 0, 0, 0, 0, 0, 0, 0, 0, 0, 0, 0<br/>0, 0, 0]>, fillcolor="#e58139ff"] ;
5 -> 7 ;
8 [label=<entropy = 0.0<br/>samples = 3<br/>value = [0, 3, 0, 0, 0, 0, 0, 0, 0, 0, 0, 0, 0, 0<br/>0, 0, 0, 0, 0, 0, 0, 0, 0, 0, 0, 0, 0, 0<br/>0, 0, 0, 0, 0, 0, 0, 0, 0, 0, 0, 0, 0, 0<br/>0, 0, 0]>, fillcolor="#e59839ff"] ;
4 -> 8 ;
9 [label=<entropy = 0.0<br/>samples = 5<br/>value = [0, 0, 5, 0, 0, 0, 0, 0, 0, 0, 0, 0, 0, 0<br/>0, 0, 0, 0, 0, 0, 0, 0, 0, 0, 0, 0, 0, 0<br/>0, 0, 0, 0, 0, 0, 0, 0, 0, 0, 0, 0, 0, 0<br/>0, 0, 0]>, fillcolor="#e5ae39ff"] ;
3 -> 9 ;
10 [label=<pre.Kop GGT &le; 377.0<br/>entropy = 1.53<br/>samples = 9<br/>value = [0, 0, 0, 3, 2, 4, 0, 0, 0, 0, 0, 0, 0, 0<br/>0, 0, 0, 0, 0, 0, 0, 0, 0, 0, 0, 0, 0, 0<br/>0, 0, 0, 0, 0, 0, 0, 0, 0, 0, 0, 0, 0, 0<br/>0, 0, 0]>, fillcolor="#d7e5392a"] ;
2 -> 10 ;
11 [label=<follow up time &le; 9.5<br/>entropy = 0.971<br/>samples = 5<br/>value = [0, 0, 0, 3, 2, 0, 0, 0, 0, 0, 0, 0, 0, 0<br/>0, 0, 0, 0, 0, 0, 0, 0, 0, 0, 0, 0, 0, 0<br/>0, 0, 0, 0, 0, 0, 0, 0, 0, 0, 0, 0, 0, 0<br/>0, 0, 0]>, fillcolor="#e5c53955"] ;
10 -> 11 ;
12 [label=<entropy = 0.0<br/>samples = 3<br/>value = [0, 0, 0, 3, 0, 0, 0, 0, 0, 0, 0, 0, 0, 0<br/>0, 0, 0, 0, 0, 0, 0, 0, 0, 0, 0, 0, 0, 0<br/>0, 0, 0, 0, 0, 0, 0, 0, 0, 0, 0, 0, 0, 0<br/>0, 0, 0]>, fillcolor="#e5c539ff"] ;
11 -> 12 ;
13 [label=<entropy = 0.0<br/>samples = 2<br/>value = [0, 0, 0, 0, 2, 0, 0, 0, 0, 0, 0, 0, 0, 0<br/>0, 0, 0, 0, 0, 0, 0, 0, 0, 0, 0, 0, 0, 0<br/>0, 0, 0, 0, 0, 0, 0, 0, 0, 0, 0, 0, 0, 0<br/>0, 0, 0]>, fillcolor="#e5dc39ff"] ;
11 -> 13 ;
14 [label=<entropy = 0.0<br/>samples = 4<br/>value = [0, 0, 0, 0, 0, 4, 0, 0, 0, 0, 0, 0, 0, 0<br/>0, 0, 0, 0, 0, 0, 0, 0, 0, 0, 0, 0, 0, 0<br/>0, 0, 0, 0, 0, 0, 0, 0, 0, 0, 0, 0, 0, 0<br/>0, 0, 0]>, fillcolor="#d7e539ff"] ;
10 -> 14 ;
15 [label=<follow up time &le; 14.5<br/>entropy = 2.657<br/>samples = 15<br/>value = [0, 0, 0, 0, 0, 0, 4, 2, 2, 1, 2, 3, 0, 0<br/>0, 0, 0, 0, 0, 0, 0, 0, 0, 0, 0, 0, 0, 0<br/>0, 0, 0, 0, 0, 0, 1, 0, 0, 0, 0, 0, 0, 0<br/>0, 0, 0]>, fillcolor="#c0e53915"] ;
1 -> 15 ;
16 [label=<follow up time &le; 12.5<br/>entropy = 1.379<br/>samples = 7<br/>value = [0, 0, 0, 0, 0, 0, 4, 2, 0, 0, 0, 0, 0, 0<br/>0, 0, 0, 0, 0, 0, 0, 0, 0, 0, 0, 0, 0, 0<br/>0, 0, 0, 0, 0, 0, 1, 0, 0, 0, 0, 0, 0, 0<br/>0, 0, 0]>, fillcolor="#c0e53966"] ;
15 -> 16 ;
17 [label=<entropy = 0.0<br/>samples = 4<br/>value = [0, 0, 0, 0, 0, 0, 4, 0, 0, 0, 0, 0, 0, 0<br/>0, 0, 0, 0, 0, 0, 0, 0, 0, 0, 0, 0, 0, 0<br/>0, 0, 0, 0, 0, 0, 0, 0, 0, 0, 0, 0, 0, 0<br/>0, 0, 0]>, fillcolor="#c0e539ff"] ;
16 -> 17 ;
18 [label=<Kasai age &le; 62.0<br/>entropy = 0.918<br/>samples = 3<br/>value = [0, 0, 0, 0, 0, 0, 0, 2, 0, 0, 0, 0, 0, 0<br/>0, 0, 0, 0, 0, 0, 0, 0, 0, 0, 0, 0, 0, 0<br/>0, 0, 0, 0, 0, 0, 1, 0, 0, 0, 0, 0, 0, 0<br/>0, 0, 0]>, fillcolor="#a9e5397f"] ;
16 -> 18 ;
19 [label=<entropy = 0.0<br/>samples = 2<br/>value = [0, 0, 0, 0, 0, 0, 0, 2, 0, 0, 0, 0, 0, 0<br/>0, 0, 0, 0, 0, 0, 0, 0, 0, 0, 0, 0, 0, 0<br/>0, 0, 0, 0, 0, 0, 0, 0, 0, 0, 0, 0, 0, 0<br/>0, 0, 0]>, fillcolor="#a9e539ff"] ;
18 -> 19 ;
20 [label=<entropy = 0.0<br/>samples = 1<br/>value = [0, 0, 0, 0, 0, 0, 0, 0, 0, 0, 0, 0, 0, 0<br/>0, 0, 0, 0, 0, 0, 0, 0, 0, 0, 0, 0, 0, 0<br/>0, 0, 0, 0, 0, 0, 1, 0, 0, 0, 0, 0, 0, 0<br/>0, 0, 0]>, fillcolor="#dc39e5ff"] ;
18 -> 20 ;
21 [label=<Kasai age &le; 61.0<br/>entropy = 1.906<br/>samples = 8<br/>value = [0, 0, 0, 0, 0, 0, 0, 0, 2, 1, 2, 3, 0, 0<br/>0, 0, 0, 0, 0, 0, 0, 0, 0, 0, 0, 0, 0, 0<br/>0, 0, 0, 0, 0, 0, 0, 0, 0, 0, 0, 0, 0, 0<br/>0, 0, 0]>, fillcolor="#4de5392a"] ;
15 -> 21 ;
22 [label=<entropy = 0.0<br/>samples = 3<br/>value = [0, 0, 0, 0, 0, 0, 0, 0, 0, 0, 0, 3, 0, 0<br/>0, 0, 0, 0, 0, 0, 0, 0, 0, 0, 0, 0, 0, 0<br/>0, 0, 0, 0, 0, 0, 0, 0, 0, 0, 0, 0, 0, 0<br/>0, 0, 0]>, fillcolor="#4de539ff"] ;
21 -> 22 ;
23 [label=<follow up time &le; 15.5<br/>entropy = 1.522<br/>samples = 5<br/>value = [0, 0, 0, 0, 0, 0, 0, 0, 2, 1, 2, 0, 0, 0<br/>0, 0, 0, 0, 0, 0, 0, 0, 0, 0, 0, 0, 0, 0<br/>0, 0, 0, 0, 0, 0, 0, 0, 0, 0, 0, 0, 0, 0<br/>0, 0, 0]>, fillcolor="#92e53900"] ;
21 -> 23 ;
24 [label=<entropy = 0.0<br/>samples = 2<br/>value = [0, 0, 0, 0, 0, 0, 0, 0, 2, 0, 0, 0, 0, 0<br/>0, 0, 0, 0, 0, 0, 0, 0, 0, 0, 0, 0, 0, 0<br/>0, 0, 0, 0, 0, 0, 0, 0, 0, 0, 0, 0, 0, 0<br/>0, 0, 0]>, fillcolor="#92e539ff"] ;
23 -> 24 ;
25 [label=<post-op juandice time &le; 125.5<br/>entropy = 0.918<br/>samples = 3<br/>value = [0, 0, 0, 0, 0, 0, 0, 0, 0, 1, 2, 0, 0, 0<br/>0, 0, 0, 0, 0, 0, 0, 0, 0, 0, 0, 0, 0, 0<br/>0, 0, 0, 0, 0, 0, 0, 0, 0, 0, 0, 0, 0, 0<br/>0, 0, 0]>, fillcolor="#64e5397f"] ;
23 -> 25 ;
26 [label=<entropy = 0.0<br/>samples = 2<br/>value = [0, 0, 0, 0, 0, 0, 0, 0, 0, 0, 2, 0, 0, 0<br/>0, 0, 0, 0, 0, 0, 0, 0, 0, 0, 0, 0, 0, 0<br/>0, 0, 0, 0, 0, 0, 0, 0, 0, 0, 0, 0, 0, 0<br/>0, 0, 0]>, fillcolor="#64e539ff"] ;
25 -> 26 ;
27 [label=<entropy = 0.0<br/>samples = 1<br/>value = [0, 0, 0, 0, 0, 0, 0, 0, 0, 1, 0, 0, 0, 0<br/>0, 0, 0, 0, 0, 0, 0, 0, 0, 0, 0, 0, 0, 0<br/>0, 0, 0, 0, 0, 0, 0, 0, 0, 0, 0, 0, 0, 0<br/>0, 0, 0]>, fillcolor="#7be539ff"] ;
25 -> 27 ;
28 [label=<ID &le; 5748443.5<br/>entropy = 4.958<br/>samples = 35<br/>value = [0, 0, 0, 0, 0, 0, 0, 0, 0, 0, 0, 0, 2, 1<br/>1, 1, 1, 1, 2, 1, 1, 1, 1, 1, 1, 1, 1, 1<br/>1, 1, 1, 1, 1, 1, 0, 1, 1, 1, 1, 1, 1, 1<br/>1, 1, 2]>, fillcolor="#39e53c00"] ;
0 -> 28 [labeldistance=2.5, labelangle=-45, headlabel="False"] ;
29 [label=<pre.Kop T.bil &le; 8.245<br/>entropy = 3.97<br/>samples = 17<br/>value = [0, 0, 0, 0, 0, 0, 0, 0, 0, 0, 0, 0, 0, 0<br/>0, 0, 0, 1, 0, 0, 0, 1, 0, 0, 0, 0, 0, 0<br/>1, 0, 0, 1, 1, 1, 0, 1, 1, 1, 1, 1, 1, 1<br/>1, 1, 2]>, fillcolor="#e56a3910"] ;
28 -> 29 ;
30 [label=<ID &le; 5408818.0<br/>entropy = 2.75<br/>samples = 8<br/>value = [0, 0, 0, 0, 0, 0, 0, 0, 0, 0, 0, 0, 0, 0<br/>0, 0, 0, 1, 0, 0, 0, 0, 0, 0, 0, 0, 0, 0<br/>0, 0, 0, 1, 1, 0, 0, 1, 1, 0, 0, 0, 0, 0<br/>1, 0, 2]>, fillcolor="#e56a3924"] ;
29 -> 30 ;
31 [label=<pre.Kop D.bil &le; 5.005<br/>entropy = 1.5<br/>samples = 4<br/>value = [0, 0, 0, 0, 0, 0, 0, 0, 0, 0, 0, 0, 0, 0<br/>0, 0, 0, 1, 0, 0, 0, 0, 0, 0, 0, 0, 0, 0<br/>0, 0, 0, 0, 0, 0, 0, 0, 0, 0, 0, 0, 0, 0<br/>1, 0, 2]>, fillcolor="#e56a3955"] ;
30 -> 31 ;
32 [label=<pre.Kop D.bil &le; 4.67<br/>entropy = 1.0<br/>samples = 2<br/>value = [0, 0, 0, 0, 0, 0, 0, 0, 0, 0, 0, 0, 0, 0<br/>0, 0, 0, 1, 0, 0, 0, 0, 0, 0, 0, 0, 0, 0<br/>0, 0, 0, 0, 0, 0, 0, 0, 0, 0, 0, 0, 0, 0<br/>1, 0, 0]>, fillcolor="#39e5ae00"] ;
31 -> 32 ;
33 [label=<entropy = 0.0<br/>samples = 1<br/>value = [0, 0, 0, 0, 0, 0, 0, 0, 0, 0, 0, 0, 0, 0<br/>0, 0, 0, 1, 0, 0, 0, 0, 0, 0, 0, 0, 0, 0<br/>0, 0, 0, 0, 0, 0, 0, 0, 0, 0, 0, 0, 0, 0<br/>0, 0, 0]>, fillcolor="#39e5aeff"] ;
32 -> 33 ;
34 [label=<entropy = 0.0<br/>samples = 1<br/>value = [0, 0, 0, 0, 0, 0, 0, 0, 0, 0, 0, 0, 0, 0<br/>0, 0, 0, 0, 0, 0, 0, 0, 0, 0, 0, 0, 0, 0<br/>0, 0, 0, 0, 0, 0, 0, 0, 0, 0, 0, 0, 0, 0<br/>1, 0, 0]>, fillcolor="#e53c39ff"] ;
32 -> 34 ;
35 [label=<entropy = 0.0<br/>samples = 2<br/>value = [0, 0, 0, 0, 0, 0, 0, 0, 0, 0, 0, 0, 0, 0<br/>0, 0, 0, 0, 0, 0, 0, 0, 0, 0, 0, 0, 0, 0<br/>0, 0, 0, 0, 0, 0, 0, 0, 0, 0, 0, 0, 0, 0<br/>0, 0, 2]>, fillcolor="#e56a39ff"] ;
31 -> 35 ;
36 [label=<post.1wk T.bil &le; 4.375<br/>entropy = 2.0<br/>samples = 4<br/>value = [0, 0, 0, 0, 0, 0, 0, 0, 0, 0, 0, 0, 0, 0<br/>0, 0, 0, 0, 0, 0, 0, 0, 0, 0, 0, 0, 0, 0<br/>0, 0, 0, 1, 1, 0, 0, 1, 1, 0, 0, 0, 0, 0<br/>0, 0, 0]>, fillcolor="#9839e500"] ;
30 -> 36 ;
37 [label=<pre.Kop GGT &le; 401.5<br/>entropy = 1.0<br/>samples = 2<br/>value = [0, 0, 0, 0, 0, 0, 0, 0, 0, 0, 0, 0, 0, 0<br/>0, 0, 0, 0, 0, 0, 0, 0, 0, 0, 0, 0, 0, 0<br/>0, 0, 0, 1, 0, 0, 0, 0, 1, 0, 0, 0, 0, 0<br/>0, 0, 0]>, fillcolor="#9839e500"] ;
36 -> 37 ;
38 [label=<entropy = 0.0<br/>samples = 1<br/>value = [0, 0, 0, 0, 0, 0, 0, 0, 0, 0, 0, 0, 0, 0<br/>0, 0, 0, 0, 0, 0, 0, 0, 0, 0, 0, 0, 0, 0<br/>0, 0, 0, 0, 0, 0, 0, 0, 1, 0, 0, 0, 0, 0<br/>0, 0, 0]>, fillcolor="#e539c0ff"] ;
37 -> 38 ;
39 [label=<entropy = 0.0<br/>samples = 1<br/>value = [0, 0, 0, 0, 0, 0, 0, 0, 0, 0, 0, 0, 0, 0<br/>0, 0, 0, 0, 0, 0, 0, 0, 0, 0, 0, 0, 0, 0<br/>0, 0, 0, 1, 0, 0, 0, 0, 0, 0, 0, 0, 0, 0<br/>0, 0, 0]>, fillcolor="#9839e5ff"] ;
37 -> 39 ;
40 [label=<post-op juandice time &le; 267.5<br/>entropy = 1.0<br/>samples = 2<br/>value = [0, 0, 0, 0, 0, 0, 0, 0, 0, 0, 0, 0, 0, 0<br/>0, 0, 0, 0, 0, 0, 0, 0, 0, 0, 0, 0, 0, 0<br/>0, 0, 0, 0, 1, 0, 0, 1, 0, 0, 0, 0, 0, 0<br/>0, 0, 0]>, fillcolor="#ae39e500"] ;
36 -> 40 ;
41 [label=<entropy = 0.0<br/>samples = 1<br/>value = [0, 0, 0, 0, 0, 0, 0, 0, 0, 0, 0, 0, 0, 0<br/>0, 0, 0, 0, 0, 0, 0, 0, 0, 0, 0, 0, 0, 0<br/>0, 0, 0, 0, 1, 0, 0, 0, 0, 0, 0, 0, 0, 0<br/>0, 0, 0]>, fillcolor="#ae39e5ff"] ;
40 -> 41 ;
42 [label=<entropy = 0.0<br/>samples = 1<br/>value = [0, 0, 0, 0, 0, 0, 0, 0, 0, 0, 0, 0, 0, 0<br/>0, 0, 0, 0, 0, 0, 0, 0, 0, 0, 0, 0, 0, 0<br/>0, 0, 0, 0, 0, 0, 0, 1, 0, 0, 0, 0, 0, 0<br/>0, 0, 0]>, fillcolor="#e539d7ff"] ;
40 -> 42 ;
43 [label=<post.1wk T.bil &le; 5.62<br/>entropy = 3.17<br/>samples = 9<br/>value = [0, 0, 0, 0, 0, 0, 0, 0, 0, 0, 0, 0, 0, 0<br/>0, 0, 0, 0, 0, 0, 0, 1, 0, 0, 0, 0, 0, 0<br/>1, 0, 0, 0, 0, 1, 0, 0, 0, 1, 1, 1, 1, 1<br/>0, 1, 0]>, fillcolor="#39c0e500"] ;
29 -> 43 ;
44 [label=<follow up time &le; 114.5<br/>entropy = 2.0<br/>samples = 4<br/>value = [0, 0, 0, 0, 0, 0, 0, 0, 0, 0, 0, 0, 0, 0<br/>0, 0, 0, 0, 0, 0, 0, 0, 0, 0, 0, 0, 0, 0<br/>0, 0, 0, 0, 0, 1, 0, 0, 0, 1, 1, 1, 0, 0<br/>0, 0, 0]>, fillcolor="#c539e500"] ;
43 -> 44 ;
45 [label=<post.1wk D.bil &le; 2.88<br/>entropy = 1.0<br/>samples = 2<br/>value = [0, 0, 0, 0, 0, 0, 0, 0, 0, 0, 0, 0, 0, 0<br/>0, 0, 0, 0, 0, 0, 0, 0, 0, 0, 0, 0, 0, 0<br/>0, 0, 0, 0, 0, 1, 0, 0, 0, 1, 0, 0, 0, 0<br/>0, 0, 0]>, fillcolor="#c539e500"] ;
44 -> 45 ;
46 [label=<entropy = 0.0<br/>samples = 1<br/>value = [0, 0, 0, 0, 0, 0, 0, 0, 0, 0, 0, 0, 0, 0<br/>0, 0, 0, 0, 0, 0, 0, 0, 0, 0, 0, 0, 0, 0<br/>0, 0, 0, 0, 0, 1, 0, 0, 0, 0, 0, 0, 0, 0<br/>0, 0, 0]>, fillcolor="#c539e5ff"] ;
45 -> 46 ;
47 [label=<entropy = 0.0<br/>samples = 1<br/>value = [0, 0, 0, 0, 0, 0, 0, 0, 0, 0, 0, 0, 0, 0<br/>0, 0, 0, 0, 0, 0, 0, 0, 0, 0, 0, 0, 0, 0<br/>0, 0, 0, 0, 0, 0, 0, 0, 0, 1, 0, 0, 0, 0<br/>0, 0, 0]>, fillcolor="#e539a9ff"] ;
45 -> 47 ;
48 [label=<pre.Kop T.bil &le; 10.1<br/>entropy = 1.0<br/>samples = 2<br/>value = [0, 0, 0, 0, 0, 0, 0, 0, 0, 0, 0, 0, 0, 0<br/>0, 0, 0, 0, 0, 0, 0, 0, 0, 0, 0, 0, 0, 0<br/>0, 0, 0, 0, 0, 0, 0, 0, 0, 0, 1, 1, 0, 0<br/>0, 0, 0]>, fillcolor="#e5399200"] ;
44 -> 48 ;
49 [label=<entropy = 0.0<br/>samples = 1<br/>value = [0, 0, 0, 0, 0, 0, 0, 0, 0, 0, 0, 0, 0, 0<br/>0, 0, 0, 0, 0, 0, 0, 0, 0, 0, 0, 0, 0, 0<br/>0, 0, 0, 0, 0, 0, 0, 0, 0, 0, 1, 0, 0, 0<br/>0, 0, 0]>, fillcolor="#e53992ff"] ;
48 -> 49 ;
50 [label=<entropy = 0.0<br/>samples = 1<br/>value = [0, 0, 0, 0, 0, 0, 0, 0, 0, 0, 0, 0, 0, 0<br/>0, 0, 0, 0, 0, 0, 0, 0, 0, 0, 0, 0, 0, 0<br/>0, 0, 0, 0, 0, 0, 0, 0, 0, 0, 0, 1, 0, 0<br/>0, 0, 0]>, fillcolor="#e5397bff"] ;
48 -> 50 ;
51 [label=<EV/GV &le; 0.5<br/>entropy = 2.322<br/>samples = 5<br/>value = [0, 0, 0, 0, 0, 0, 0, 0, 0, 0, 0, 0, 0, 0<br/>0, 0, 0, 0, 0, 0, 0, 1, 0, 0, 0, 0, 0, 0<br/>1, 0, 0, 0, 0, 0, 0, 0, 0, 0, 0, 0, 1, 1<br/>0, 1, 0]>, fillcolor="#39c0e500"] ;
43 -> 51 ;
52 [label=<GI bleeding &le; 0.5<br/>entropy = 1.585<br/>samples = 3<br/>value = [0, 0, 0, 0, 0, 0, 0, 0, 0, 0, 0, 0, 0, 0<br/>0, 0, 0, 0, 0, 0, 0, 0, 0, 0, 0, 0, 0, 0<br/>1, 0, 0, 0, 0, 0, 0, 0, 0, 0, 0, 0, 1, 0<br/>0, 1, 0]>, fillcolor="#5339e500"] ;
51 -> 52 ;
53 [label=<pre.Kop GGT &le; 230.5<br/>entropy = 1.0<br/>samples = 2<br/>value = [0, 0, 0, 0, 0, 0, 0, 0, 0, 0, 0, 0, 0, 0<br/>0, 0, 0, 0, 0, 0, 0, 0, 0, 0, 0, 0, 0, 0<br/>0, 0, 0, 0, 0, 0, 0, 0, 0, 0, 0, 0, 1, 0<br/>0, 1, 0]>, fillcolor="#e5396400"] ;
52 -> 53 ;
54 [label=<entropy = 0.0<br/>samples = 1<br/>value = [0, 0, 0, 0, 0, 0, 0, 0, 0, 0, 0, 0, 0, 0<br/>0, 0, 0, 0, 0, 0, 0, 0, 0, 0, 0, 0, 0, 0<br/>0, 0, 0, 0, 0, 0, 0, 0, 0, 0, 0, 0, 0, 0<br/>0, 1, 0]>, fillcolor="#e55339ff"] ;
53 -> 54 ;
55 [label=<entropy = 0.0<br/>samples = 1<br/>value = [0, 0, 0, 0, 0, 0, 0, 0, 0, 0, 0, 0, 0, 0<br/>0, 0, 0, 0, 0, 0, 0, 0, 0, 0, 0, 0, 0, 0<br/>0, 0, 0, 0, 0, 0, 0, 0, 0, 0, 0, 0, 1, 0<br/>0, 0, 0]>, fillcolor="#e53964ff"] ;
53 -> 55 ;
56 [label=<entropy = 0.0<br/>samples = 1<br/>value = [0, 0, 0, 0, 0, 0, 0, 0, 0, 0, 0, 0, 0, 0<br/>0, 0, 0, 0, 0, 0, 0, 0, 0, 0, 0, 0, 0, 0<br/>1, 0, 0, 0, 0, 0, 0, 0, 0, 0, 0, 0, 0, 0<br/>0, 0, 0]>, fillcolor="#5339e5ff"] ;
52 -> 56 ;
57 [label=<pre.Kop D.bil &le; 5.595<br/>entropy = 1.0<br/>samples = 2<br/>value = [0, 0, 0, 0, 0, 0, 0, 0, 0, 0, 0, 0, 0, 0<br/>0, 0, 0, 0, 0, 0, 0, 1, 0, 0, 0, 0, 0, 0<br/>0, 0, 0, 0, 0, 0, 0, 0, 0, 0, 0, 0, 0, 1<br/>0, 0, 0]>, fillcolor="#39c0e500"] ;
51 -> 57 ;
58 [label=<entropy = 0.0<br/>samples = 1<br/>value = [0, 0, 0, 0, 0, 0, 0, 0, 0, 0, 0, 0, 0, 0<br/>0, 0, 0, 0, 0, 0, 0, 0, 0, 0, 0, 0, 0, 0<br/>0, 0, 0, 0, 0, 0, 0, 0, 0, 0, 0, 0, 0, 1<br/>0, 0, 0]>, fillcolor="#e5394dff"] ;
57 -> 58 ;
59 [label=<entropy = 0.0<br/>samples = 1<br/>value = [0, 0, 0, 0, 0, 0, 0, 0, 0, 0, 0, 0, 0, 0<br/>0, 0, 0, 0, 0, 0, 0, 1, 0, 0, 0, 0, 0, 0<br/>0, 0, 0, 0, 0, 0, 0, 0, 0, 0, 0, 0, 0, 0<br/>0, 0, 0]>, fillcolor="#39c0e5ff"] ;
57 -> 59 ;
60 [label=<Kasai age &le; 48.5<br/>entropy = 3.948<br/>samples = 18<br/>value = [0, 0, 0, 0, 0, 0, 0, 0, 0, 0, 0, 0, 2, 1<br/>1, 1, 1, 0, 2, 1, 1, 0, 1, 1, 1, 1, 1, 1<br/>0, 1, 1, 0, 0, 0, 0, 0, 0, 0, 0, 0, 0, 0<br/>0, 0, 0]>, fillcolor="#39e53c00"] ;
28 -> 60 ;
61 [label=<post-op juandice time &le; 24.5<br/>entropy = 2.948<br/>samples = 9<br/>value = [0, 0, 0, 0, 0, 0, 0, 0, 0, 0, 0, 0, 2, 0<br/>1, 1, 1, 0, 0, 0, 0, 0, 0, 1, 0, 1, 1, 1<br/>0, 0, 0, 0, 0, 0, 0, 0, 0, 0, 0, 0, 0, 0<br/>0, 0, 0]>, fillcolor="#39e53c20"] ;
60 -> 61 ;
62 [label=<pre.Kop GGT &le; 382.887<br/>entropy = 2.322<br/>samples = 5<br/>value = [0, 0, 0, 0, 0, 0, 0, 0, 0, 0, 0, 0, 0, 0<br/>1, 1, 0, 0, 0, 0, 0, 0, 0, 1, 0, 0, 1, 1<br/>0, 0, 0, 0, 0, 0, 0, 0, 0, 0, 0, 0, 0, 0<br/>0, 0, 0]>, fillcolor="#39e56a00"] ;
61 -> 62 ;
63 [label=<follow up time &le; 23.5<br/>entropy = 1.0<br/>samples = 2<br/>value = [0, 0, 0, 0, 0, 0, 0, 0, 0, 0, 0, 0, 0, 0<br/>1, 1, 0, 0, 0, 0, 0, 0, 0, 0, 0, 0, 0, 0<br/>0, 0, 0, 0, 0, 0, 0, 0, 0, 0, 0, 0, 0, 0<br/>0, 0, 0]>, fillcolor="#39e56a00"] ;
62 -> 63 ;
64 [label=<entropy = 0.0<br/>samples = 1<br/>value = [0, 0, 0, 0, 0, 0, 0, 0, 0, 0, 0, 0, 0, 0<br/>1, 0, 0, 0, 0, 0, 0, 0, 0, 0, 0, 0, 0, 0<br/>0, 0, 0, 0, 0, 0, 0, 0, 0, 0, 0, 0, 0, 0<br/>0, 0, 0]>, fillcolor="#39e56aff"] ;
63 -> 64 ;
65 [label=<entropy = 0.0<br/>samples = 1<br/>value = [0, 0, 0, 0, 0, 0, 0, 0, 0, 0, 0, 0, 0, 0<br/>0, 1, 0, 0, 0, 0, 0, 0, 0, 0, 0, 0, 0, 0<br/>0, 0, 0, 0, 0, 0, 0, 0, 0, 0, 0, 0, 0, 0<br/>0, 0, 0]>, fillcolor="#39e581ff"] ;
63 -> 65 ;
66 [label=<post.1wk GGT &le; 520.465<br/>entropy = 1.585<br/>samples = 3<br/>value = [0, 0, 0, 0, 0, 0, 0, 0, 0, 0, 0, 0, 0, 0<br/>0, 0, 0, 0, 0, 0, 0, 0, 0, 1, 0, 0, 1, 1<br/>0, 0, 0, 0, 0, 0, 0, 0, 0, 0, 0, 0, 0, 0<br/>0, 0, 0]>, fillcolor="#3992e500"] ;
62 -> 66 ;
67 [label=<entropy = 0.0<br/>samples = 1<br/>value = [0, 0, 0, 0, 0, 0, 0, 0, 0, 0, 0, 0, 0, 0<br/>0, 0, 0, 0, 0, 0, 0, 0, 0, 1, 0, 0, 0, 0<br/>0, 0, 0, 0, 0, 0, 0, 0, 0, 0, 0, 0, 0, 0<br/>0, 0, 0]>, fillcolor="#3992e5ff"] ;
66 -> 67 ;
68 [label=<Gender &le; 0.5<br/>entropy = 1.0<br/>samples = 2<br/>value = [0, 0, 0, 0, 0, 0, 0, 0, 0, 0, 0, 0, 0, 0<br/>0, 0, 0, 0, 0, 0, 0, 0, 0, 0, 0, 0, 1, 1<br/>0, 0, 0, 0, 0, 0, 0, 0, 0, 0, 0, 0, 0, 0<br/>0, 0, 0]>, fillcolor="#394de500"] ;
66 -> 68 ;
69 [label=<entropy = 0.0<br/>samples = 1<br/>value = [0, 0, 0, 0, 0, 0, 0, 0, 0, 0, 0, 0, 0, 0<br/>0, 0, 0, 0, 0, 0, 0, 0, 0, 0, 0, 0, 1, 0<br/>0, 0, 0, 0, 0, 0, 0, 0, 0, 0, 0, 0, 0, 0<br/>0, 0, 0]>, fillcolor="#394de5ff"] ;
68 -> 69 ;
70 [label=<entropy = 0.0<br/>samples = 1<br/>value = [0, 0, 0, 0, 0, 0, 0, 0, 0, 0, 0, 0, 0, 0<br/>0, 0, 0, 0, 0, 0, 0, 0, 0, 0, 0, 0, 0, 1<br/>0, 0, 0, 0, 0, 0, 0, 0, 0, 0, 0, 0, 0, 0<br/>0, 0, 0]>, fillcolor="#3c39e5ff"] ;
68 -> 70 ;
71 [label=<ID &le; 6421610.5<br/>entropy = 1.5<br/>samples = 4<br/>value = [0, 0, 0, 0, 0, 0, 0, 0, 0, 0, 0, 0, 2, 0<br/>0, 0, 1, 0, 0, 0, 0, 0, 0, 0, 0, 1, 0, 0<br/>0, 0, 0, 0, 0, 0, 0, 0, 0, 0, 0, 0, 0, 0<br/>0, 0, 0]>, fillcolor="#39e53c55"] ;
61 -> 71 ;
72 [label=<post.1wk T.bil &le; 9.165<br/>entropy = 1.0<br/>samples = 2<br/>value = [0, 0, 0, 0, 0, 0, 0, 0, 0, 0, 0, 0, 0, 0<br/>0, 0, 1, 0, 0, 0, 0, 0, 0, 0, 0, 1, 0, 0<br/>0, 0, 0, 0, 0, 0, 0, 0, 0, 0, 0, 0, 0, 0<br/>0, 0, 0]>, fillcolor="#39e59800"] ;
71 -> 72 ;
73 [label=<entropy = 0.0<br/>samples = 1<br/>value = [0, 0, 0, 0, 0, 0, 0, 0, 0, 0, 0, 0, 0, 0<br/>0, 0, 1, 0, 0, 0, 0, 0, 0, 0, 0, 0, 0, 0<br/>0, 0, 0, 0, 0, 0, 0, 0, 0, 0, 0, 0, 0, 0<br/>0, 0, 0]>, fillcolor="#39e598ff"] ;
72 -> 73 ;
74 [label=<entropy = 0.0<br/>samples = 1<br/>value = [0, 0, 0, 0, 0, 0, 0, 0, 0, 0, 0, 0, 0, 0<br/>0, 0, 0, 0, 0, 0, 0, 0, 0, 0, 0, 1, 0, 0<br/>0, 0, 0, 0, 0, 0, 0, 0, 0, 0, 0, 0, 0, 0<br/>0, 0, 0]>, fillcolor="#3964e5ff"] ;
72 -> 74 ;
75 [label=<entropy = 0.0<br/>samples = 2<br/>value = [0, 0, 0, 0, 0, 0, 0, 0, 0, 0, 0, 0, 2, 0<br/>0, 0, 0, 0, 0, 0, 0, 0, 0, 0, 0, 0, 0, 0<br/>0, 0, 0, 0, 0, 0, 0, 0, 0, 0, 0, 0, 0, 0<br/>0, 0, 0]>, fillcolor="#39e53cff"] ;
71 -> 75 ;
76 [label=<pre.Kop D.bil &le; 4.66<br/>entropy = 2.948<br/>samples = 9<br/>value = [0, 0, 0, 0, 0, 0, 0, 0, 0, 0, 0, 0, 0, 1<br/>0, 0, 0, 0, 2, 1, 1, 0, 1, 0, 1, 0, 0, 0<br/>0, 1, 1, 0, 0, 0, 0, 0, 0, 0, 0, 0, 0, 0<br/>0, 0, 0]>, fillcolor="#39e5c520"] ;
60 -> 76 ;
77 [label=<Gender &le; 0.5<br/>entropy = 1.5<br/>samples = 4<br/>value = [0, 0, 0, 0, 0, 0, 0, 0, 0, 0, 0, 0, 0, 0<br/>0, 0, 0, 0, 2, 0, 0, 0, 1, 0, 1, 0, 0, 0<br/>0, 0, 0, 0, 0, 0, 0, 0, 0, 0, 0, 0, 0, 0<br/>0, 0, 0]>, fillcolor="#39e5c555"] ;
76 -> 77 ;
78 [label=<pre.Kop T.bil &le; 6.225<br/>entropy = 1.0<br/>samples = 2<br/>value = [0, 0, 0, 0, 0, 0, 0, 0, 0, 0, 0, 0, 0, 0<br/>0, 0, 0, 0, 0, 0, 0, 0, 1, 0, 1, 0, 0, 0<br/>0, 0, 0, 0, 0, 0, 0, 0, 0, 0, 0, 0, 0, 0<br/>0, 0, 0]>, fillcolor="#39a9e500"] ;
77 -> 78 ;
79 [label=<entropy = 0.0<br/>samples = 1<br/>value = [0, 0, 0, 0, 0, 0, 0, 0, 0, 0, 0, 0, 0, 0<br/>0, 0, 0, 0, 0, 0, 0, 0, 1, 0, 0, 0, 0, 0<br/>0, 0, 0, 0, 0, 0, 0, 0, 0, 0, 0, 0, 0, 0<br/>0, 0, 0]>, fillcolor="#39a9e5ff"] ;
78 -> 79 ;
80 [label=<entropy = 0.0<br/>samples = 1<br/>value = [0, 0, 0, 0, 0, 0, 0, 0, 0, 0, 0, 0, 0, 0<br/>0, 0, 0, 0, 0, 0, 0, 0, 0, 0, 1, 0, 0, 0<br/>0, 0, 0, 0, 0, 0, 0, 0, 0, 0, 0, 0, 0, 0<br/>0, 0, 0]>, fillcolor="#397be5ff"] ;
78 -> 80 ;
81 [label=<entropy = 0.0<br/>samples = 2<br/>value = [0, 0, 0, 0, 0, 0, 0, 0, 0, 0, 0, 0, 0, 0<br/>0, 0, 0, 0, 2, 0, 0, 0, 0, 0, 0, 0, 0, 0<br/>0, 0, 0, 0, 0, 0, 0, 0, 0, 0, 0, 0, 0, 0<br/>0, 0, 0]>, fillcolor="#39e5c5ff"] ;
77 -> 81 ;
82 [label=<splenomegaly &le; 0.5<br/>entropy = 2.322<br/>samples = 5<br/>value = [0, 0, 0, 0, 0, 0, 0, 0, 0, 0, 0, 0, 0, 1<br/>0, 0, 0, 0, 0, 1, 1, 0, 0, 0, 0, 0, 0, 0<br/>0, 1, 1, 0, 0, 0, 0, 0, 0, 0, 0, 0, 0, 0<br/>0, 0, 0]>, fillcolor="#39e55300"] ;
76 -> 82 ;
83 [label=<follow up time &le; 26.5<br/>entropy = 1.0<br/>samples = 2<br/>value = [0, 0, 0, 0, 0, 0, 0, 0, 0, 0, 0, 0, 0, 1<br/>0, 0, 0, 0, 0, 1, 0, 0, 0, 0, 0, 0, 0, 0<br/>0, 0, 0, 0, 0, 0, 0, 0, 0, 0, 0, 0, 0, 0<br/>0, 0, 0]>, fillcolor="#39e55300"] ;
82 -> 83 ;
84 [label=<entropy = 0.0<br/>samples = 1<br/>value = [0, 0, 0, 0, 0, 0, 0, 0, 0, 0, 0, 0, 0, 1<br/>0, 0, 0, 0, 0, 0, 0, 0, 0, 0, 0, 0, 0, 0<br/>0, 0, 0, 0, 0, 0, 0, 0, 0, 0, 0, 0, 0, 0<br/>0, 0, 0]>, fillcolor="#39e553ff"] ;
83 -> 84 ;
85 [label=<entropy = 0.0<br/>samples = 1<br/>value = [0, 0, 0, 0, 0, 0, 0, 0, 0, 0, 0, 0, 0, 0<br/>0, 0, 0, 0, 0, 1, 0, 0, 0, 0, 0, 0, 0, 0<br/>0, 0, 0, 0, 0, 0, 0, 0, 0, 0, 0, 0, 0, 0<br/>0, 0, 0]>, fillcolor="#39e5dcff"] ;
83 -> 85 ;
86 [label=<post.1wk GGT &le; 431.965<br/>entropy = 1.585<br/>samples = 3<br/>value = [0, 0, 0, 0, 0, 0, 0, 0, 0, 0, 0, 0, 0, 0<br/>0, 0, 0, 0, 0, 0, 1, 0, 0, 0, 0, 0, 0, 0<br/>0, 1, 1, 0, 0, 0, 0, 0, 0, 0, 0, 0, 0, 0<br/>0, 0, 0]>, fillcolor="#39d7e500"] ;
82 -> 86 ;
87 [label=<entropy = 0.0<br/>samples = 1<br/>value = [0, 0, 0, 0, 0, 0, 0, 0, 0, 0, 0, 0, 0, 0<br/>0, 0, 0, 0, 0, 0, 1, 0, 0, 0, 0, 0, 0, 0<br/>0, 0, 0, 0, 0, 0, 0, 0, 0, 0, 0, 0, 0, 0<br/>0, 0, 0]>, fillcolor="#39d7e5ff"] ;
86 -> 87 ;
88 [label=<ID &le; 5775001.5<br/>entropy = 1.0<br/>samples = 2<br/>value = [0, 0, 0, 0, 0, 0, 0, 0, 0, 0, 0, 0, 0, 0<br/>0, 0, 0, 0, 0, 0, 0, 0, 0, 0, 0, 0, 0, 0<br/>0, 1, 1, 0, 0, 0, 0, 0, 0, 0, 0, 0, 0, 0<br/>0, 0, 0]>, fillcolor="#6a39e500"] ;
86 -> 88 ;
89 [label=<entropy = 0.0<br/>samples = 1<br/>value = [0, 0, 0, 0, 0, 0, 0, 0, 0, 0, 0, 0, 0, 0<br/>0, 0, 0, 0, 0, 0, 0, 0, 0, 0, 0, 0, 0, 0<br/>0, 0, 1, 0, 0, 0, 0, 0, 0, 0, 0, 0, 0, 0<br/>0, 0, 0]>, fillcolor="#8139e5ff"] ;
88 -> 89 ;
90 [label=<entropy = 0.0<br/>samples = 1<br/>value = [0, 0, 0, 0, 0, 0, 0, 0, 0, 0, 0, 0, 0, 0<br/>0, 0, 0, 0, 0, 0, 0, 0, 0, 0, 0, 0, 0, 0<br/>0, 1, 0, 0, 0, 0, 0, 0, 0, 0, 0, 0, 0, 0<br/>0, 0, 0]>, fillcolor="#6a39e5ff"] ;
88 -> 90 ;
}
